K=3;
T1=6;
T2=7;
L1=0.39;
L2=0.37;
L3=-0.19;
L4=-0.2;
Tp=1;
